11
111 6 22
110 28 28
##end
109 33 31
##start
108 2 31
107 29 38
106 26 38
105 23 38
104 21 38
103 19 38
102 17 38
101 15 38
100 13 38
99 11 38
98 9 38
97 6 38
96 15 36
95 19 36
93 29 36
92 26 36
91 23 36
90 21 36
89 13 36
88 11 36
87 9 36
86 6 36
85 29 34
84 26 34
83 23 34
82 17 34
81 19 34
80 15 34
79 11 34
78 9 34
77 6 34
76 15 32
75 19 32
74 29 32
73 26 32
72 23 32
71 19 28
69 11 32
68 9 32
67 6 32
65 29 20
64 29 22
63 29 24
62 29 26
60 29 30
59 26 30
58 23 24
57 23 26
56 23 28
55 23 30
40 17 22
39 17 26
38 17 30
37 11 24
36 11 26
35 11 30
34 9 30
27 6 30
23 15 28
22 10 28
21 6 28
16 6 26
12 6 24
6 6 20
111-108
111-40
110-56
110-109
109-65
109-64
109-63
109-62
109-60
109-74
109-85
109-93
109-107
108-97
108-86
108-77
108-67
108-27
108-21
108-16
108-12
108-6
107-106
106-105
105-104
104-103
103-102
102-101
101-100
100-99
99-98
98-97
96-95
96-89
95-90
93-92
92-91
91-90
89-88
88-87
87-86
85-84
84-83
83-81
82-80
82-81
80-79
79-78
78-77
76-75
76-69
75-72
74-73
73-72
71-56
71-23
69-68
68-67
65-6
64-40
63-58
62-57
60-59
59-55
58-37
57-39
55-38
39-36
38-35
37-12
36-16
35-34
34-27
23-22
22-21
